
AGENT_3160013667

CONFIG
{"EPISODES":10,"SAMPLE_PER_REPLAY":1,"MAX_STEPS":1000,"frame_time_ms":30,"board_x":10,"board_y":10,"alpha":0.1,"gamma":0.995,"epsilon":0.8,"epsilon_decay":0.9925,"epsilon_min":0.05,"statefn":"DIST_TO_CLOSEST","state_init":"INSTANT_DEATH","reward_advance":-0.01,"reward_green":10,"reward_red":-2,"reward_death":-10}

QTABLE
{
"4GW1SS4WW4WW":[0,-10,0,-0.00168204],
"3WW2WW1SS1SS":[0,-0.00118198,-10,-10],
"1SG4WW3WW1SR":[-10,-0.001,0,-10],
"4GW4WW4WW1SS":[0,0,-0.001,-10],
"4WW4WW1SS2RW":[-0.00197905,0,-10,0],
"1SG4WW1WW4WW":[-10,-0.001,-10,-0.0013601],
"1SG4WW2WW4WW":[-10,0,-0.001,0],
"4WW3WW1SS4RW":[-0.00129647,0,-10,-0.001],
"1SS3WW3WW4RW":[-10,-0.001,0,0],
"1SS2WW4WW1SG":[-10,0,-0.0016954,-10],
"1WW1SS4WW2GW":[-10,-10,0.00815949,0],
"4WW1SS3WW4RW":[0,-10,0,-0.0019],
"4GW4WW1SS4WW":[0,-0.0010995,-10,0],
"1SS1SS3WW4RW":[-10,-10,0,-0.001],
"4WW2WW1SS4RW":[-0.00125439,0,-10,-0.001],
"1SS4WW2WW1SS":[-10,-0.001,0,-10],
"4GW4WW1SS1SR":[0,-0.001,-10,-10],
"1SS2WW1WW4WW":[-10,-0.00122618,-10,-0.0013601],
"2SS2WW2WW1SR":[0,0,-0.001,-10],
"1SS3WW1GW4WW":[-10,0,1,0],
"1SS1SS2GW4WW":[-10,-10,-0.001,0],
"1SS3WW3GW1SG":[-10,-0.0010995,0,-10],
"4WW3WW3GW1SG":[0,-0.0010995,0,-10],
"1WW1GW1SS1WW":[-10,0.999111,-10,-10],
"4WW2GW1SS1WW":[-0.00127955,0,-10,-10],
"4GW1SR2WW2WW":[-0.001,-10,0,0],
"1SS2RW2WW4WW":[-10,0,0,-0.001],
"4WW3WW1SS2RW":[-0.00118905,0,-10,0],
"1WW1SS1SR1SS":[-10,-10,-10,-10],
"1WW2SS1SS3WW":[-10,-0.996,-10,0],
"1WW1SS2SG2GW":[-10,-10,-0.0010995,0],
"1WW4WW1SS3GW":[-10,0,-10,-0.001],
"3WW4WW4WW1SR":[-0.00138787,0,0,-10],
"3WW4WW1SG1RW":[0,-0.001,-10,0],
"1SS4WW4WW2SS":[-10,-0.00181215,0,0],
"2RW4WW1SS1SS":[0,-0.001,-10,-10],
"2SR4WW4WW1SS":[-0.001,0,0,-10],
"1SG1SS4WW3WW":[-10,-10,-0.001,0],
"1RW2SS1SS4WW":[0,-0.001,-10,-0.001],
"2RW1SS4WW4WW":[-0.0019,-10,0,0],
"1SS4WW4WW3RW":[-10,0,0,-0.001],
"1SS4WW3RW1SG":[-10,-0.0010995,0,-10],
"1WW4WW1SS1SG":[-10,-0.001,-10,-10],
"3WW1WW1SS4RW":[-0.00128844,-10,-10,0],
"1GW1SS4WW3WW":[1,-10,0,0],
"1SS2SS1WW4WW":[-10,-0.001,-10,0],
"4WW1WW1WW1SS":[-0.00304589,-10,-10,-10],
"4WW2WW1WW1SS":[0,-0.001,-10,-10],
"4WW3GW1SS4WW":[-0.00192412,0,-10,0],
"1SS4WW2WW2GW":[-10,0,0,-0.001],
"1SS3GW3WW4WW":[-10,-0.0019,0,0],
"2WW2WW1SG4WW":[0,-0.0011094,-10,0],
"3WW2WW1SG4WW":[-0.001,0,-10,0],
"4WW2WW4GW1SS":[-0.001,0,0,-10],
"4WW4WW3GW1SS":[0,-0.00337783,0,-10],
"1WW1SS4RW2WW":[-10,-10,-0.0019,0],
"4WW1SS2GW4WW":[-0.001,-10,-0.001,0],
"4WW3WW1SS1SG":[-0.0010995,0,-10,-10],
"1SS1SS4WW4GW":[-10,-10,0,-0.001],
"1SS4WW4GW1WW":[-10,-0.001,0,-10],
"1WW2WW1SG4WW":[-10,0,-10,-0.00164803],
"2WW1SS4GW4GW":[-0.001,-10,-0.001,0],
"1SS4WW4RW2WW":[-10,-0.00266188,-0.001,-0.001],
"1RW1WW4WW1SS":[-0.2,-10,0,-10],
"2WW3RW4WW1SG":[0,0,-0.00201615,-10],
"2WW4RW1SS2GW":[0,-0.001,-10,0],
"4WW2GW1SS4WW":[-0.00192412,0,-10,0],
"1GW1SS4WW4WW":[0,-10,0,-0.00194822],
"4RW1WW2WW1SS":[-0.001,-10,0,-10],
"1SS3WW4WW2SS":[-10,0,0,-0.00176299],
"1SR1WW1WW4WW":[-10,-10,-10,-0.001],
"3GW1SS2WW4WW":[-0.001,-10,0,0],
"1SR1WW2WW4WW":[-10,-10,-0.001,-0.001],
"4RW1WW3WW1SS":[0,-10,-0.0019,-10],
"4WW1SS1WW2WW":[0,-10,-10,-0.00119895],
"4GW1SS1WW3WW":[0,-10,-10,-0.001],
"4WW2WW2WW1SS":[-0.0019,0,0,-10],
"3GW2WW2WW1SS":[-0.001,-0.001,0,-10],
"4WW1WW1SS1GR":[0,-10,-10,1],
"3GW2WW1SS4WW":[-0.001,0,-10,0],
"4WW3WW4GW1SS":[0,0,-0.001,-10],
"4GW1SS1WW4WW":[-0.001,-10,-10,-0.0010995],
"4WW1SS1SS4RW":[-0.00128657,-10,-10,0],
"2GW2WW4WW1SS":[0,0,-0.001,-10],
"1RW3WW4WW1SS":[0,-0.001,0,-10],
"4WW2RG4WW1SS":[0,0,-0.00196424,-10],
"1SS3RG4WW4WW":[-10,-0.001,0,0],
"3RW3WW4WW1SS":[0,-0.001,0,-10],
"4GW4WW1WW1SS":[0,-0.0010995,-10,-10],
"1SS4WW1WW2WW":[-10,-0.001,-10,-0.0019995],
"1SS4WW2WW1WW":[-10,-0.001,0,-10],
"1SG2WW3WW4WW":[-10,0,0,-0.001],
"4WW1SS3WW2WW":[-0.001,-10,0,0],
"1SS2WW3WW4RW":[-10,0,-0.0010995,0],
"4GW1SS3WW3WW":[0,-10,0,-0.001],
"1WW3WW4WW4GR":[-10,-0.0019,-0.00271,-0.0019],
"1WW2WW4WW4GR":[-10,-0.0010995,-0.001,-0.0019],
"3GW2WW4WW1SS":[0,0,-0.001,-10],
"1WW1WW4WW4GR":[-10,-10,-0.00271,-0.001],
"2WW1WW4WW4WW":[-0.0028095,-10,-0.001,-0.001],
"2WW2WW4WW4WW":[-0.001,-0.001,0,-0.001],
"2WW4RW4WW1SG":[0,-0.001,0,-10],
"4WW3WW4WW4GW":[-0.00128402,0,0,0],
"1SR2GW1WW4WW":[-10,-0.001,-10,0],
"1SR3WW2WW4WW":[-10,-0.001,0,0],
"4WW2WW3WW4WW":[0,-0.001,0,0],
"4WW1WW1WW4WW":[0,-10,-10,-0.001],
"4WW3WW1WW4WW":[0,-0.001,-10,0],
"4WW4WW1WW4WW":[0,-0.0019,-10,0],
"4WW3WW1WW1SR":[-0.0010995,0,-10,-10],
"2WW1WW1SS4GW":[0,-10,-10,-0.0019],
"1SS4WW1WW1RW":[-10,-0.001,-10,-0.2],
"4WW3WW1WW1SS":[-0.00219647,-0.001,-10,-10],
"1WW1SS4WW3GW":[-10,-10,-0.00345917,-0.001],
"4WW4WW3RW1SG":[-0.001,0,0,-10],
"4WW1WW1WW1SR":[-0.00131019,-10,-10,-10],
"4WW2WW1WW1SR":[0,-0.001,-10,-10],
"1SS3WW1WW2RW":[-10,-0.001,-10,0],
"1WW1SS4WW4GW":[-10,-10,-0.00238283,-0.0019995],
"1WW1WW4WW1SG":[-10,-10,-0.00317004,-10],
"1WW2WW1SS4GW":[-10,-0.001,-10,-0.0019],
"4WW4WW4WW4GW":[0.00779635,-0.001,-0.001,-0.001],
"4WW1SS4WW2GW":[0,-10,-0.00286257,0],
"1SS4WW1GW4WW":[-10,-0.001,0,0],
"3RW2WW1SS4WW":[0,-0.00141468,-10,0],
"4RW2WW1SS4WW":[-0.001,0,-10,0],
"4RW1SS2WW4WW":[-0.001,-10,-0.001,-0.0010995],
"1SR2WW4WW4WW":[-10,-0.00141468,0,0],
"3WW1RW4WW1SS":[0,0,-0.00147343,-10],
"4WW1WW4WW4GW":[-0.00208905,-10,-0.001,-0.001],
"2RW2WW4WW1SG":[0,0,-0.001,-10],
"3WW2RW4WW1SS":[0,-0.001,0,-10],
"1WW3WW4WW1SG":[-10,-0.001,0,-10],
"4WW2RG1SS4WW":[-0.00121969,0,-10,0],
"1SS4RW4WW4WW":[-10,-0.001,0,0],
"3WW1SS4RW4WW":[0,-10,0,-0.00134218],
"3WW1SS1SS2WW":[-0.001,-10,-10,0],
"3WW1SS1SS4WW":[-0.00124545,-10,-10,-0.00109389],
"4WW4WW1SR1SS":[-0.001,0,-10,-10],
"4WW1SS4RW4GW":[0,-10,0,-0.001],
"4WW4WW3WW1SR":[0,0,-0.0019995,-10],
"1SS3WW3WW1SS":[-10,-0.001,0,-10],
"4WW4WW1SS1SG":[-0.00145661,-0.001,-10,-10],
"4WW4WW1SS4GW":[-0.00156782,-0.001,-10,0],
"4WW1WW2WW4WW":[-0.001,-10,0,0],
"4WW4WW4WW4WW":[0.068789,0.00779635,0.010013,0.00869635],
"1SS1SS1WW3RW":[-10,-10,-10,-0.001],
"4WW4WW1SG1SS":[-0.001,0,-10,-10],
"4WW2WW2WW1SG":[0,0,-0.001,-10],
"3WW4GW1SS1SS":[-0.001,0,-10,-10],
"1SS4WW2WW1SG":[-10,-0.001,0,-10],
"1SS4GW4RW4WW":[-10,-0.001,0,0],
"4WW3WW2WW1SG":[0,-0.001,0,-10],
"1SS1WW1SS2SS":[-10,-10,-10,-0.996],
"1SS2SS4WW4WW":[-10,-0.001,-0.001,-0.000982065],
"2SS2WW3WW1SS":[0,-0.001,0,-10],
"4SS1SS4WW4WW":[0,-10,-0.00147343,0],
"4WW1SS2WW4WW":[-0.00598065,-10,-0.00271,-0.00492827],
"3SS1SS4WW4WW":[0,-10,-0.001,0],
"1SS4WW4RW4WW":[-10,-0.00636723,-0.004995,-0.0044505],
"2WW1SS2SS1SR":[-0.00115232,-10,0,-10],
"1GW1SS1SS2WW":[1,-10,-10,0],
"1SS2SS1SG1SR":[-10,-0.001,-10,-10],
"3WW1SS2GW3WW":[-0.001,-10,0,0],
"1SS4SS4WW4WW":[-10,0,-0.00175857,0],
"3WW2SS1SG4WW":[0,0,-10,-0.001],
"2GW2WW3WW1SS":[0,-0.001,0,-10],
"1WW4WW1SS1SS":[-10,-0.0023778,-10,-10],
"1WW1SS1SS4WW":[-10,-10,-10,-0.00534147],
"2WW1SS4WW4RW":[-0.00123378,-10,0,0],
"1SS4RW1WW1WW":[-10,-0.001,-10,-10],
"2WW1WW1SS4RW":[-0.0010995,-10,-10,0],
"1SS4WW2WW2WW":[-10,-0.001,-0.001,-0.001],
"1GW1WW1SS4WW":[1,-10,-10,0],
"2GW1WW1SS1SS":[-0.001,-10,-10,-10],
"3GW1WW4WW1SG":[-0.001,-10,0,-10],
"1SS2WW4WW2SG":[-10,-0.001,0,0],
"1SS4WW4WW1WW":[-10,-0.00783437,-0.00931416,-10],
"3GW4WW4WW1SS":[-0.001,0,-0.001,-10],
"2SS4WW1SS1SS":[-0.00112731,0,-10,-10],
"1SS4WW2WW4GW":[-10,-0.001,0,0],
"4WW1SS1SS1SR":[-0.00118905,-10,-10,-10],
"1SS4WW1WW4WW":[-10,-0.0019,-10,-0.001],
"1WW4WW1SG4WW":[-10,-0.00413336,-10,-0.00254803],
"4WW1SS3RW4WW":[-0.0010995,-10,0,-0.00270099],
"1GW1WW4WW1SS":[1,-10,0,-10],
"2GW2SS1SS4WW":[0,0,-10,-0.001],
"1WW4WW1SS4WW":[-10,-0.00772694,-10,-0.0079883],
"2RW4WW4WW1SS":[0,0,-0.001,-10],
"1SS1WW4WW2SS":[-10,-10,-0.001,0],
"4WW3WW1SS1SS":[-0.0010995,-0.001,-10,-10],
"3GW4WW1SS1SS":[0,-0.001,-10,-10],
"3WW1SS1SG4WW":[-0.0010995,-10,-10,0],
"4WW1SS3WW1GW":[-0.001,-10,0,0],
"4WW1SS1RW4WW":[-0.001,-10,-0.2,-0.00126964],
"3WW2GW4GW1SS":[-0.0010995,0,-0.001,-10],
"1SS2WW1WW4RW":[-10,0,-10,-0.001],
"4WW1SS2SS3GW":[0.0985,-10,0,0],
"4WW1GW1SS1RW":[0,1,-10,0],
"4WW2RW4WW1SS":[-0.001,0,0,-10],
"1SS1WW1WW3GW":[-10,-10,-10,-0.001],
"1SS2WW2WW1GR":[-10,-0.001,0,0],
"1SS1WW3GW4WW":[-10,-10,-0.001,0],
"1SS2WW4WW1SS":[-10,-0.00387754,-0.00304222,-10],
"4WW1SS4GW4WW":[-0.001,-10,-0.001,-0.00198093],
"4WW1WW1SS2SS":[-0.0010995,-10,-10,-0.00129496],
"1WW4WW4WW3GR":[-10,-0.00208905,0,-0.001],
"4WW3GW4WW1SS":[-0.0010995,0,0,-10],
"4WW1WW1SS1SS":[-0.00293479,-10,-10,-10],
"4WW2WW2WW4WW":[-0.001,0,0,0],
"1SS3WW4GW4WW":[-10,-0.001,0,-0.00172621],
"1WW4WW4RW1SS":[-10,-0.0010995,0,-10],
"2WW4WW1SS1SS":[-0.00300885,-0.00143071,-10,-10],
"1SS1SS4WW4RW":[-10,-10,-0.001,0],
"1WW1SS1SS2WW":[-10,-10,-10,-0.00185289],
"1SS1SS1SS3WW":[-10,-10,-10,-0.001],
"1WW1SS2SS3WW":[-10,-10,-0.001,0],
"1WW1WW1SS4GW":[-10,-10,-10,-0.00289009],
"4WW3WW1SS4GW":[-0.00129647,-0.0020094,-10,-0.001],
"1SS4WW1SS1SS":[-10,-0.00215159,-10,-10],
"3SS1SS3GW4WW":[0,-10,0,-0.001],
"2SS4WW4WW1SS":[-0.001,0,0,-10],
"2SS3WW4GW1SS":[0,0,-0.001,-10],
"4WW1SS1SS1SS":[-0.001,-10,-10,-10],
"3SS4WW4WW1SS":[-0.0019,-0.001,0,-10],
"4GW1SS2WW4WW":[0,-10,-0.001,0],
"4WW4GW4WW1SS":[-0.00192412,-0.001,0,-10],
"2WW1SS1SS2WW":[-0.001,-10,-10,-0.001],
"2SS1WW3WW1SS":[-0.001,-10,0,-10],
"1SS4WW1GW1WW":[-10,0,0.999371,-10],
"1SS1SS2GW1WW":[-10,-10,-0.001,-10],
"3GW1SS4WW2WW":[-0.001,-10,0,0],
"1SS1SS4WW1WW":[-10,-10,-0.00855699,-10],
"1SS1WW2WW1SG":[-10,-10,-0.001,-10],
"1WW3WW4GW1SS":[-10,-0.0010995,0,-10],
"1SS1SS4WW2GW":[-10,-10,-0.00175857,0],
"3WW1WW1SS1SG":[-0.001,-10,-10,-10],
"3WW2WW4WW1SG":[0,0,-0.0010995,-10],
"1SS3SS4WW4WW":[-10,-0.001,0,0],
"1WW1WW1SS4WW":[-10,-10,-10,-0.00778983],
"4WW3WW4WW4WW":[-0.0019,-0.00209895,-0.00271,0.0151824],
"4WW1SS1SS1SG":[-0.001,-10,-10,-10],
"1WW2WW4WW1SS":[-10,-0.00424916,-0.001,-10],
"1GW4WW4RW1SS":[1,0,0,-10],
"4WW1WW1SS4WW":[-0.0103116,-10,-10,-0.00777444],
"3WW3GW4WW1SS":[0,-0.001,0,-10],
"4GW4WW1SR2GW":[0,0,-10,-0.001],
"4GW4WW1RW1SS":[-0.001,0,0,-10],
"4WW1SS4WW1GW":[0,-10,-0.001,0.999512],
"2WW1SS3SS4WW":[0,-10,0,-0.001],
"4GW1SS1SS4WW":[0,-10,-10,-0.001],
"1SG4WW3RW4WW":[-10,0,-0.001,0],
"2GW4WW4RW1SS":[0,-0.0014227,-0.001,-10],
"3WW1SS4WW4WW":[-0.00626423,-10,-0.00246902,-0.00676295],
"1SG4WW2RW2GW":[-10,0,0,-0.001],
"3WW1SS4WW2RW":[0,-10,-0.00208282,0],
"1SS4GW4WW2WW":[-10,-0.001,0,0],
"3WW1SG4WW2WW":[-0.001,-10,0,0],
"2GW4WW1SS4WW":[-0.001,0,-10,0],
"1WW1SS4WW3WW":[-10,-10,-0.001,-0.00271],
"1WW4WW1SS3WW":[-10,-0.00265215,-10,-0.0035484],
"2WW1SS1GR4WW":[0,-10,0,-0.0013502],
"4WW2WW1SS3GW":[0,0,-10,-0.001],
"3WW1SS4WW3GW":[0,-10,0,-0.001],
"1SS2SS2SS4RW":[-10,0,0,-0.001],
"1SS1WW2WW4WW":[-10,-10,-0.001,-0.001],
"4WW2WW4WW1SG":[-0.00227801,-0.0019995,-0.0025954,-10],
"4WW2WW1SS4GW":[0,-0.0019,-10,-0.001],
"3WW4WW4WW1SS":[-0.00635342,-0.00601405,-0.0070381,-10],
"4WW2WW3WW1SS":[-0.001,-0.001,0,-10],
"1SS1RW4WW4WW":[-10,-0.2,-0.001,0],
"4GW4WW2RW1SG":[-0.001,0,0,-10],
"4WW1SS3WW4WW":[-0.00497078,-10,-0.003439,-0.00580728],
"1SS1RW2WW4WW":[-10,-0.2,-0.001,0],
"1WW4WW1SS2WW":[-10,-0.00153089,-10,-0.00709123],
"2SS1SS1SS4WW":[-0.001,-10,-10,0],
"3WW4WW2RW4WW":[0,-0.0019,0,0],
"3WW4WW1SS1GW":[-0.00118905,0,-10,0],
"1SS1WW3WW4WW":[-10,-10,-0.0019,-0.0019],
"4WW4WW1SS1RW":[-0.00121677,0,-10,0],
"4WW4WW1WW1SS":[-0.00255937,-0.00369865,-10,-10],
"1SG1RW1WW1SS":[-10,-0.2,-10,-10],
"4WW1SS3WW4GW":[-0.001,-10,-0.0019,0],
"2GW4WW2WW1SS":[0,0,-0.001,-10],
"4WW4RW1SS1WW":[-0.001,0,-10,-10],
"1SS1SS2WW1WW":[-10,-10,-0.001,-10],
"1RG4WW1WW1SS":[0,-0.001,-10,-10],
"4WW2GW4WW1SS":[-0.001,0,0,-10],
"1SS1WW2WW4RW":[-10,-10,0,-0.001],
"4WW4WW4WW1SG":[-0.00246782,-0.0019,-0.00171378,-10],
"1SS3GW4WW1WW":[-10,-0.001,-0.001,-10],
"3WW4GW1SS1WW":[0,-0.001,-10,-10],
"4WW1WW1SS4RW":[-0.001,-10,-10,0],
"4WW1SS4WW1WW":[-0.0019,-10,-0.00290234,-10],
"4GW2SS1SR3GW":[0,-0.001,-10,0],
"1SS1WW4WW4SR":[-10,-10,-0.00142795,0],
"1WW1SS3SS4WW":[-10,-10,-0.001,-0.001],
"4WW4WW1SG3RW":[0,-0.001,-10,-0.001],
"2WW1SS4RW4WW":[-0.0028398,-10,-0.00392625,-0.001],
"1SS1WW3WW4SS":[-10,-10,-0.001,0],
"1SS1SS4WW3WW":[-10,-10,-0.001,-0.001],
"4WW1SS1WW2RW":[-0.00121677,-10,-10,-0.001],
"4WW4WW1SS3GW":[-0.00121677,-0.001,-10,0],
"1WW1WW1SG4WW":[-10,-10,-10,-0.00144952],
"1SS3WW1WW3RW":[-10,0,-10,-0.001],
"4WW2WW1SS1SG":[0,-0.001,-10,-10],
"4WW4WW1SR4WW":[-0.0019995,-0.00239081,-10,-0.00296133],
"4WW1SG3WW1WW":[-0.001,-10,0,-10],
"2WW1SS4WW2WW":[-0.001,-10,0,0],
"1SS4WW3WW4WW":[-10,-0.0041946,-0.00271,-0.0029886],
"1SS1WW1WW4WW":[-10,-10,-10,-0.001],
"4WW1SS4WW3GW":[-0.00152035,-10,-0.0019,-0.001],
"3WW2WW3GW1SS":[0,-0.001,0,-10],
"1SS4WW4WW3GW":[-10,-0.00271,-0.001,-0.001],
"1WW1SS4RW4WW":[-10,-10,-0.001,-0.001],
"2WW4WW1SR2WW":[-0.0011282,0,-10,0],
"4RW3WW3WW1SS":[0,0,-0.001,-10],
"4WW1SS1GW3WW":[-0.001,-10,0,0],
"2WW4WW4RW1SS":[-0.001,-0.00153,-0.0019,-10],
"2WW4WW4GW1SS":[-0.00223927,-0.00557997,0,-10],
"2WW4WW1SS1WW":[-0.001,-0.001,-10,-10],
"4RW1SS3WW4WW":[0,-10,0,-0.00118905],
"3WW1SS4WW1WW":[-0.001,-10,0,-10],
"4GW4WW2WW1SS":[-0.0019,0,0,-10],
"4WW1WW1SG4WW":[0,-10,-10,-0.001],
"3WW4WW1SR2WW":[0,0,-10,-0.001],
"4WW3WW4WW1SG":[-0.001,0,-0.001,-10],
"1SS1SS3GW1WW":[-10,-10,-0.00271,-10],
"4WW1SS4RW2WW":[-0.001,-10,0,0],
"4WW4WW3WW1SG":[-0.001,0,0,-10],
"1WW4WW4WW2GR":[-10,-0.001,-0.001,0],
"4WW3WW4WW1SS":[-0.00434584,-0.00378633,-0.00515356,-10],
"4WW4WW1SG3WW":[0,-0.0010995,-10,-0.001],
"1SS3WW2WW4WW":[-10,-0.001,-0.001,-0.0010995],
"3WW3WW1SS2RW":[0,0,-10,-0.001],
"1WW3SS1SG3WW":[-10,-0.001,-10,0],
"1SS4WW3GW1WW":[-10,-0.001,-0.001,-10],
"1GW1SS1WW1GW":[0,-10,-10,1],
"4WW2WW4WW4GW":[0,0,0,-0.001],
"1SS4WW3RW4WW":[-10,0,-0.001,0],
"4WW2GW1RW1SS":[-0.00116966,0,-0.2,-10],
"3WW4WW4WW4WW":[-0.0019,-0.001,0.0177831,0],
"4WW4WW1SS1SS":[-0.00595213,-0.0022699,-10,-10],
"4WW4RW4WW1SS":[0,-0.0019,0,-10],
"4WW1WW1GW1SG":[-0.001,-10,0,-10],
"4WW1WW2WW1SG":[-0.001,-10,0,-10],
"4WW4WW4WW1SR":[0,0,-0.001,-10],
"1SS4WW4WW1GW":[-10,-0.001,-0.00184775,1],
"1SS4WW4WW2WW":[-10,-0.00342298,-0.0019995,-0.0010995],
"3WW1SS4GW1WW":[-0.001,-10,0,-10],
"1WW1SS4GW1WW":[-10,-10,-0.00492827,-10],
"4WW4WW1SG4WW":[-0.0019,-0.001,-10,0],
"3WW1WW3GW1SS":[-0.001,-10,0,-10],
"1SS3WW2GW1SS":[-10,-0.001,0,-10],
"4WW1SS3GW3WW":[-0.001,-10,0,0],
"1SS1WW3WW4GW":[-10,-10,0,-0.00271],
"2WW1WW1SG4WW":[-0.001,-10,-10,-0.001],
"2WW2WW4WW1SS":[-0.00209796,-0.0019,-0.00238725,-10],
"1SS4SS3WW4WW":[-10,0,-0.001,0],
"1SS1SS4WW3GW":[-10,-10,-0.00175857,0],
"1SS3WW4WW1SS":[-10,-0.00208905,-0.001,-10],
"2WW1SS1SS4WW":[-0.0011094,-10,-10,-0.0022502],
"4WW1WW1SS1SR":[-0.00158865,-10,-10,-10],
"3WW4WW3RW1SS":[-0.001,0,0,-10],
"3WW1WW1SG1SS":[-0.001,-10,-10,-10],
"3WW2WW1SS4WW":[-0.0010995,-0.001,-10,0],
"1SS3WW4WW4GW":[-10,-0.0019,-0.00271,-0.0019],
"3GW4WW1SR4WW":[-0.001,0,-10,0],
"4WW4WW1WW1SG":[-0.001,0,-10,-10],
"3WW4WW1SR4WW":[-0.0019,-0.0019995,-10,-0.001],
"1SS2WW3WW4GW":[-10,0,-0.001,0],
"2GW2SS1SS1GW":[0,-0.001,-10,0],
"4WW1SS1SS4WW":[-0.00487104,-10,-10,-0.00370865],
"1WW2SS2SG1SS":[-10,0,-0.001,-10],
"1WW1SS4WW1WW":[-10,-10,-0.00946958,-10],
"3WW4WW1SS3WW":[-0.001,0,-10,0],
"4GW2WW2WW1SS":[-0.001,0,0,-10],
"4WW4WW2WW1SS":[-0.00169293,0,-0.0019,-10],
"4WW1SS1GW4WW":[-0.001,-10,0.999901,0],
"1SS2WW4WW4WW":[-10,-0.00775034,-0.00698897,-0.00854791],
"3WW1WW1SS1RW":[-0.001,-10,-10,0],
"1SR4WW4WW4WW":[-10,-0.0010995,-0.001,0],
"2WW4WW4WW1SS":[-0.010146,-0.00621456,-0.00740304,-10],
"4WW4WW1GW1SS":[0,0,1,-10],
"4RW2WW1SS4GW":[-0.001,0,-10,0],
"1SS4WW2RW4WW":[-10,-0.001,0,0],
"1WW1SS4GW4WW":[-10,-10,-0.0036191,-0.001],
"2WW1SS4WW1WW":[0,-10,-0.00132232,-10],
"2WW1WW1SS1SS":[-0.00119796,-10,-10,-10],
"2WW4WW1SR4WW":[-0.0019995,-0.00244707,-10,0],
"1SS4WW3GW4WW":[-10,-0.001,-0.0019,-0.001],
"4WW4WW4RW1SG":[0,-0.0010995,0,-10],
"1SS3GW4WW3WW":[-10,-0.001,0,-0.001],
"4WW1WW4WW1SG":[-0.00282945,-10,-0.001,-10],
"1SS4WW4WW3WW":[-10,-0.0030791,-0.0019,-0.001],
"2WW3WW4WW4WW":[-0.00297965,-0.001,-0.001,0],
"4WW4WW1SS1WW":[-0.00509031,-0.0028095,-10,-10],
"1WW4WW1SR2WW":[-10,-0.00225911,-10,-0.00284119],
"4WW3WW3WW1SS":[-0.001,-0.0019,-0.001,-10],
"4WW1SS2WW1GW":[-0.001,-10,0,0],
"1WW1SS3RW2WW":[-10,-10,0,-0.0014702],
"1WW4WW1SR4WW":[-10,-0.00226901,-10,-0.0027541],
"2WW1SS4WW3WW":[-0.0019,-10,-0.00271,-0.001],
"1WW1WW4GW1SS":[-10,-10,-0.001,-10],
"4WW1SS1GW2RW":[-0.001,-10,0,0],
"3WW4WW1SS1SS":[-0.0030115,-0.00295268,-10,-10],
"4WW1SS4WW3WW":[0,-10,0,-0.001],
"2WW4WW2RW1SS":[-0.001,0,0,-10],
"1SS4WW4WW2GW":[-10,-0.001,0,-0.001],
"2SS1SS4WW4WW":[0,-10,0,-0.001],
"1SS1SS4WW4WW":[-10,-10,-0.00873715,-0.00849988],
"1SG4GW4WW3WW":[-10,-0.001,0,0],
"4WW4WW1SS1GW":[-0.001,-0.001,-10,0],
"1WW1SS1SS3WW":[-10,-10,-10,-0.0019],
"4WW4WW1SS2GW":[0,0,-10,-0.001],
"3WW4WW1SG3WW":[-0.0019,0,-10,0],
"3WW1SS4WW2GW":[0,-10,-0.00137881,0],
"4WW4WW4WW1GW":[-0.001,0,0,1.9],
"4WW1WW2WW1SS":[-0.001,-10,0,-10],
"1SS3WW2WW2RW":[-10,-0.001,0,0],
"1SS2WW2WW4WW":[-10,-0.001,-0.001,-0.00216964],
"1GW4WW1SS4GW":[0,0,-10,-0.001],
"1SS1WW4WW4GW":[-10,-10,-0.00381183,-0.003439],
"2WW2WW1SS4WW":[-0.00359935,-0.0020094,-10,-0.00328583],
"4WW2WW4WW1SS":[-0.00198955,-0.00406156,-0.00271,-10],
"2WW1SS4WW4WW":[-0.00736176,-10,-0.000837772,-0.0067636],
"1WW1WW4WW1SS":[-10,-10,-0.0045723,-10],
"3SS2WW4WW1SS":[0,0,-0.0010995,-10],
"4WW4WW3RW1SS":[-0.001,-0.00127955,0,-10],
"1SS4WW3WW2GW":[-10,-0.001,0,0],
"2GW4WW1SR4WW":[0,-0.00128846,-10,0],
"3WW2WW4WW4WW":[0,-0.001,-0.001,0],
"1SS1SS4WW1SS":[-10,-10,-0.00224218,-10],
"1SS1GW1WW1SS":[-10,0.999801,-10,-10],
"4WW3WW4WW1SR":[-0.001,0,0,-10],
"4WW4WW1SS4WW":[-0.0119807,-0.0101116,-10,-0.00983971],
"3WW1WW4WW4WW":[-0.001,-10,-0.001,-0.001],
"1SS4WW4WW4RW":[-10,-0.001,0,0],
"3WW2WW1SS3GW":[-0.0010995,0,-10,0],
"4GW1SS3WW3RW":[-0.001,-10,-0.001,0],
"3WW1WW1SS4WW":[-0.00517333,-10,-10,-0.00231581],
"4RW1WW1SS4WW":[-0.001,-10,-10,-0.001],
"3WW1SS1GW3WW":[0,-10,1,0],
"1RW1WW4WW1SG":[-0.2,-10,0,-10],
"4WW3WW4WW1RW":[-0.0010995,-0.001,-0.0010995,-1],
"3WW1RW4GW1SS":[0,0,-0.001,-10],
"1SS2WW4WW4GW":[-10,-0.00285772,0,-0.001],
"4WW2WW1WW4WW":[-0.001,-0.001,-10,0],
"1SS4RW4GW4WW":[-10,-0.001,0,0],
"1SS4WW4GW3RW":[-10,-0.001,0,0],
"1WW2WW4WW1SG":[-10,-0.00115238,0,-10],
"3WW4WW4GW1SS":[0,0,-0.001,-10],
"2WW1SS3GW4WW":[-0.0010995,-10,-0.001,0],
"3SS1SS2WW3RW":[-0.001,-10,0,0],
"4WW1WW4WW1SS":[-0.00931742,-10,-0.00846842,-10],
"1SS2WW3WW4WW":[-10,0,0,-0.00118905],
"4WW1WW1SS4GW":[-0.00436709,-10,-10,-0.001],
"2WW3WW1SS4WW":[-0.001,-0.0010995,-10,-0.00207014],
"4WW4WW4WW1SS":[-0.00844558,-0.00840633,-0.00971468,-10],
"3WW3WW4WW1SS":[-0.0019,-0.00383481,0.00693754,-10],
"4WW1SS1WW4WW":[-0.00603493,-10,-10,-0.0036191],
"4WW4WW1SG1GW":[-0.001,0,-10,0],
"2GW2WW1SS4WW":[0,-0.00233435,-10,-0.00118905],
"2WW3WW4WW1SS":[-0.001,-0.00201039,0.00826363,-10],
"4GW1SS2RW4WW":[-0.001,-10,0,-0.00288759],
"1SS2WW3WW1SR":[-10,0,-0.001,-10],
"2RW3WW1SS4WW":[0,-0.001,-10,0],
"4WW1SS4WW2WW":[-0.001,-10,0,-0.0019995],
"4WW3WW1SS4WW":[-0.00491126,-0.00359213,-10,-0.00436372],
"1SS2WW3GW4WW":[-10,-0.001,0,0],
"3WW4WW1SS1WW":[-0.001,-0.001,-10,-10],
"4WW3GW1SS1WW":[-0.001,0,-10,-10],
"1SS2WW2WW4GW":[-10,-0.001,0,0],
"4WW1SS2GW1RW":[0,-10,0,-0.200864],
"3RW1SS4WW4WW":[-0.001,-10,0,-0.001],
"4WW1SS4RW4WW":[-0.0019,-10,-0.0010995,-0.00177716],
"3WW1SS4GW4WW":[-0.0019,-10,-0.001,0],
"2WW1WW1SS4WW":[-0.00435754,-10,-10,-0.00711931],
"4WW3GW1SS2WW":[0,0,-10,-0.001],
"3WW4WW2GW1SS":[-0.001,0,-0.001,-10],
"1WW2SS1SS3GW":[-10,-0.001,-10,0],
"1SS1SS1SS1SS":[-10,-10,-10,-10],
"4WW4WW1SS3WW":[0,-0.001,-10,-0.0019],
"2WW4WW1SG3WW":[-0.001,0,-10,-0.001],
"3WW1SS4WW2WW":[0,-10,-0.001,0],
"3WW1WW1SS1SS":[-0.00218844,-10,-10,-10],
"1RW4WW4WW4WW":[0,-0.0010995,0,-0.001],
"1WW4WW1SG3WW":[-10,-0.0019995,-10,-0.0019],
"4WW4WW3WW4WW":[-0.0010995,-0.001,0,-0.001],
"4WW1WW4WW3RW":[-0.001,-10,-0.001,-0.001],
"4WW1SG4WW4WW":[-0.001,-10,0,0],
"2WW4WW3GW1SS":[0,-0.001,0,-10],
"2WW4WW4WW4WW":[-0.001,-0.0019,-0.000259776,0],
"3SS4WW1SS1SS":[-0.00210014,0,-10,-10],
"1WW1SS1SR4WW":[-10,-10,-10,-0.00144952],
"4WW2WW1GW1SS":[0,-0.0017592,0,-10],
"4GW4WW1SS3WW":[-0.001,-0.00154123,-10,0],
"3WW1SS4WW1RW":[0,-10,0,-0.2],
"4WW2WW4WW2RW":[-0.001,0,0,-0.001],
"4WW1SS4WW4WW":[-0.0109655,-10,-0.00685469,-0.0124165],
"4WW1SS4WW4GW":[-0.00440306,-10,-0.00175727,-0.001],
"3GW1SS4WW3WW":[0,-10,-0.0019,0],
"4WW1GW4WW1SR":[-0.001,0,0,-10],
"1SS1SS4GW4WW":[-10,-10,-0.0010995,-0.0019],
"1SS1WW4WW1SG":[-10,-10,-0.00254217,-10],
"4WW2RW1WW1SS":[-0.001,0,-10,-10],
"1SS1WW4GW1SS":[-10,-10,-0.001,-10],
"4WW1SS2RW4WW":[-0.001,-10,0,0],
"3WW1SS3RW4WW":[-0.001,-10,0,0],
"1SS4WW3WW1WW":[-10,-0.001,-0.001,-10],
"3WW4WW1SG4WW":[-0.001,0,-10,-0.001],
"1SS4WW2GW1WW":[-10,-0.00370259,0,-10],
"1SS2RW4WW4WW":[-10,-0.001,0,0],
"1SS2WW1WW1SS":[-10,-0.00114076,-10,-10],
"3WW4WW4RW1SS":[-0.001,-0.00125903,-0.00219835,-10],
"4WW1WW4WW4WW":[-0.0028095,-10,-0.0041757,-0.0019],
"2WW1SS4GW4WW":[-0.0019,-10,-0.0019995,-0.00198955],
"2WW4WW3RG1SS":[-0.001,0,0,-10],
"2WW1WW4WW1SS":[-0.00240427,-10,-0.00271939,-10],
"4WW1WW3WW4WW":[-0.0019,-10,-0.001,0],
"4WW4WW1SR2GW":[0,0,-10,-0.001],
"3WW4WW1SS4WW":[-0.00474106,-0.00477386,-10,-0.00354705],
"4WW2WW1SS1SS":[0,-0.00184261,-10,-10],
"3WW3WW4WW4WW":[-0.001,-0.001,0,-0.00115978],
"2WW1SS1RW4WW":[0,-10,-0.200199,-0.0019],
"1SS1WW4WW4RW":[-10,-10,-0.001,0],
"1SS3WW1WW4WW":[-10,0,-10,-0.00126833],
"3WW1WW4WW1SS":[-0.00271,-10,-0.00357414,-10],
"3WW4WW1SS1RW":[-0.001,0,-10,0],
"1RW4WW1WW1SS":[-0.2,0,-10,-10],
"1SS4WW4GW4WW":[-10,-0.0035196,-0.00370865,-0.00288093],
"1WW3WW1SG4WW":[-10,0,-10,-0.00233569],
"4WW1SS2SS4WW":[0,-10,-0.00168928,0],
"1SS1WW4WW4WW":[-10,-10,-0.0104963,-0.0102285],
"1WW4WW3SS1SS":[-10,-0.0015773,0,-10],
"4WW1SS3GW4WW":[-0.001,-10,0,-0.0019],
"2WW4WW1SS4WW":[-0.00515531,-0.00389816,-10,-0.0041946],
"1WW3WW4WW1SS":[-10,-0.0028095,0.00455269,-10],
"4WW4WW2GW1SS":[0,-0.001,0,-10],
"1SS2GW4WW4WW":[-10,-0.001,0,0],
"4WW4WW1SS2WW":[-0.0019,-0.001,-10,-0.001],
"4WW1WW3WW1SS":[-0.0010995,-10,0,-10],
"4WW3RW4WW1SS":[0,-0.001,-0.001,-10],
"4WW1SS1WW1WW":[-0.0029886,-10,-10,-10],
"4WW1SS2WW2WW":[-0.001,-10,0,0],
"1SS1SS3WW4WW":[-10,-10,-0.001,0],
"3WW4WW1SS2WW":[-0.0019,0,-10,0],
"4WW1WW1SS1SG":[-0.00141468,-10,-10,-10],
"1SS4WW4WW1SS":[-10,-0.00409603,-0.00460878,-10],
"2WW4WW3RW4WW":[0,0,-0.001,0],
"1SS2GW4WW3RW":[-10,-0.001,0,0],
"4WW4WW3WW1SS":[-0.00330115,-0.0019995,-0.00271,-10],
"3WW3RW2GW1SS":[0,-0.001,0,-10],
"3WW2WW4WW1SS":[-0.00362805,-0.0019,-0.00401606,-10],
"1SS4WW2GW4WW":[-10,-0.00218846,0,-0.001],
"1SS4WW1WW1SS":[-10,-0.0010995,-10,-10],
"4WW4WW4RW1SS":[0,0,-0.00130449,-10],
"1SS4WW4WW4GW":[-10,-0.0019,-0.00182039,-0.0019],
"4GW2WW1SS4WW":[-0.001,0,-10,-0.001],
"1SS2SS4GW4WW":[-10,-0.0010995,0,0],
"1SS2WW1GW4WW":[-10,0,1,0],
"1SS4WW4WW4WW":[-10,-0.0112035,-0.0143191,-0.0122464],
"2WW4WW1SS3WW":[-0.00297389,-0.0024765,-10,-0.0019],
"3WW3WW1SS4WW":[-0.001,-0.00368974,-10,-0.00147612],
"4SS4WW4WW1SS":[-0.001,0,0,-10],
"4WW1SS4GW3WW":[-0.0019,-10,0,0],
"1WW1SS1SG4WW":[-10,-10,-10,-0.00208905],
"4WW4RW1SS4WW":[-0.001,0,-10,0],
"1SS1GW4WW4WW":[-10,0.99965,0.00826363,-0.001],
"4WW1SS3GW1GW":[-0.0019,-10,0,0],
"4WW4WW1SS2SS":[0,0,-10,-0.001],
"1SS3WW4WW4WW":[-10,-0.00687807,0.0920552,-0.0108109],
"4WW3WW1SS2GW":[0,-0.001,-10,0],
"1SS4RW3GW3WW":[-10,-0.001,0,0],
"4GW4WW1SS2WW":[-0.001,0,-10,-0.0010995],
"4WW1GW4WW1SS":[0,1,0,-10],
"1SG4WW4WW3WW":[-10,-0.001,0,-0.001],
"3WW4WW2RG1SS":[0,0,-0.001,-10],
"3GW1SR2WW3WW":[0,-10,0,-0.001],
"1SS4WW4GW3WW":[-10,-0.00119895,0,0],
"1WW1SS4GW3WW":[-10,-10,0,-0.001],
"2WW3SS1SG1RW":[-0.001,0,-10,0],
"1SS1WW2GW4WW":[-10,-10,0,-0.0010995],
"1WW3WW1SS4WW":[-10,-0.0010995,-10,-0.00332967],
"2WW4WW1SS2WW":[-0.00424742,-0.00219835,-10,0],
"2WW1SS3RG3WW":[-0.001,-10,0,0],
"1SS4WW1RG3WW":[-10,0,-0.2,0],
"4WW1SS1WW1RW":[-0.001,-10,-10,0],
"1SS3RW1WW1SS":[-10,-0.001,-10,-10],
"3WW1SS4WW3WW":[-0.0010995,-10,0,-0.001],
"4WW2WW4WW4WW":[-0.0029985,-0.0029886,-0.0029985,-0.00209402],
"4WW1GW1SS4WW":[0,1.9,-10,0],
"1WW1SS4WW2WW":[-10,-10,-0.00208905,-0.0059902],
"1SS1SS1SS4WW":[-10,-10,-10,-0.001],
"1WW4WW4WW1SS":[-10,-0.00893151,-0.0103452,-10],
"2WW1SS4RW2WW":[-0.00115554,-10,0,0],
"4WW2WW1SS4WW":[-0.0035196,-0.00443318,-10,-0.00385447],
"1SS3WW3WW4WW":[-10,-0.001,-0.001,-0.0010995],
"1WW1SS4WW4WW":[-10,-10,-0.0138015,-0.0134623],
"1WW2WW1SS4WW":[-10,-0.00198955,-10,-0.00496845],
"2WW4WW1SG4WW":[-0.0019995,-0.0024765,-10,-0.00279059],
"3GW1SS4WW4WW":[-0.001,-10,0,-0.001],
"4WW3WW2WW1SS":[0,-0.0019,-0.0019,-10],
"1SS4WW2WW4WW":[-10,-0.001,-0.0019995,-0.00198955],
"2WW4WW1SG1WW":[0,-0.001,-10,-10],
"3WW1SS3GW4WW":[-0.001,-10,0,0],
"1SS1SS1WW2GW":[-10,-10,-10,-0.001],
"1SG2WW4WW4WW":[-10,-0.00148261,0,0],
"4GW1SS1RW4WW":[0,-10,0,-0.001],
"1RW4WW4WW1SS":[0,-0.0010995,0,-10],
"1SS4GW4WW1WW":[-10,0,-0.00151909,-10],
"1GW2WW4WW1SS":[0,-0.00148261,0,-10],
"1WW4WW4GW1SS":[-10,-0.00349958,-0.0019,-10]
}
