
AGENT_3039849777

CONFIG
{"EPISODES":1,"SAMPLE_PER_REPLAY":1,"MAX_STEPS":1000,"frame_time_ms":30,"board_x":10,"board_y":10,"alpha":0.1,"gamma":0.995,"epsilon":0.8,"epsilon_decay":0.9925,"epsilon_min":0.05,"statefn":"DIST_TO_CLOSEST","state_init":"INSTANT_DEATH","reward_advance":-0.01,"reward_green":10,"reward_red":-2,"reward_death":-10}

QTABLE
{
"4WW1WW4WW4WW":[0,-10,0,-0.0019],
"1WW1WW4WW4WW":[-10,-10,-0.00271,-0.0019],
"2WW1WW4WW4WW":[-0.0037176,-10,-0.001,0],
"2WW2WW4WW4WW":[-0.001,-0.001,-0.0019,-0.001],
"2WW3WW4WW4WW":[-0.001,-0.0019,-0.001,0],
"1WW3WW4WW4WW":[-10,0,-0.0019,0],
"1WW4WW4WW4WW":[-10,-0.001,-0.00208905,-0.001],
"2WW4WW4WW4WW":[-0.0019,-0.00279955,-0.001,-0.001],
"4WW4WW1GW4WW":[-0.001,0,0,0],
"4WW4WW3WW4WW":[-0.0010995,0,0,0],
"4WW4WW4WW2RW":[0,0,0,-0.0019],
"4WW4WW4WW4WW":[-0.00279955,-0.00279955,-0.00279955,-0.0019995],
"3WW4WW4WW4WW":[-0.0019,-0.001,-0.0019,-0.0019],
"3WW3WW4WW4WW":[-0.001,-0.001,0,-0.001],
"4WW2WW4WW4WW":[-0.0019,-0.001,0,0],
"4WW3WW4WW4WW":[-0.001,-0.001,0,-0.001],
"4WW3WW3WW4WW":[-0.001,0,0,0],
"4WW2WW4WW4RW":[0,-0.0019,0,0],
"4WW2WW2WW2GW":[-0.001,0,0,0],
"1SS1RW2WW1GW":[-10,-0.2,0,0],
"2WW4WW4GW4WW":[-0.001,0,-0.0019,0],
"2WW4WW4WW1SS":[-0.0019,-0.0019,0,-10],
"4WW4WW1SG4WW":[-0.0019,-0.0019,-10,0],
"2WW4WW1SS4WW":[-0.0010995,-0.0019,-10,0],
"4WW4WW2GW1SS":[-0.001,0,0,-10],
"2WW4WW1SG1SS":[-0.001,0,-10,-10],
"1SS4WW3WW2WW":[-10,-0.001,0,0],
"4WW1SS3WW1WW":[-0.001,-10,0,-10],
"4WW1WW2WW1SG":[-0.001,-10,0,-10],
"4WW4WW1SR1WW":[-0.0019,-0.001,-10,-10],
"1SS4WW3WW4WW":[-10,-0.001,0,0],
"4WW4WW1SS1WW":[0,-0.001,-10,-10],
"4WW1SS1RW1WW":[-0.001,-10,0,-10],
"1WW1WW4WW1SS":[-10,-10,-0.00216964,-10],
"4WW1SS4WW2WW":[0,-10,-0.0019995,0],
"1SS4WW3GW3WW":[-10,0,0,-0.001],
"3WW3WW1SS4WW":[-0.001,-0.001,-10,-0.001],
"4WW1SS4GW3WW":[0,-10,-0.001,0],
"1SS4WW4GW4WW":[-10,-0.00271,-0.001,-0.001],
"1WW2WW1SS4WW":[-10,0,-10,-0.00119895],
"4WW2WW1SR4WW":[-0.001,-0.0019,-10,-0.00140746],
"3WW4WW1SG4WW":[0,-0.001,-10,0],
"2WW1SS4GW4WW":[0,-10,0,-0.001],
"1SS1WW3WW4WW":[-10,-10,0,-0.001],
"4WW1WW4WW1SS":[0,-10,-0.00630824,-10],
"2WW3WW1SS4WW":[-0.0019,0,-10,0],
"4WW1WW1SS4RW":[-0.0010995,-10,-10,0],
"3WW3WW4WW1SS":[-0.001,-0.001,0,-10],
"1SS2WW2WW2GW":[-10,-0.001,0,0],
"2WW1SS4WW2WW":[0,-10,-0.001,0],
"1SS1SS1RW4WW":[-10,-10,-0.2,0],
"1SS4WW3WW1RW":[-10,0,0,-0.2],
"4WW2WW3RW1SS":[0,0,-0.001,-10],
"1WW4WW1SG4WW":[-10,-0.001,-10,0],
"1SS2WW2RW4WW":[-10,-0.001,0,-0.00118905],
"3WW1SS4GW4WW":[0,-10,-0.0010995,-0.001],
"4WW1WW1SS1SS":[-0.001,-10,-10,-10],
"1SS2WW1RW1SS":[-10,-0.001,0,-10],
"2WW2WW1SS4WW":[-0.001,0,-10,0],
"2WW1SS4WW4WW":[0,-10,-0.0019,0],
"4WW1SS3RW4WW":[-0.001,-10,-0.001,0],
"3WW1WW4WW1SS":[0,-10,-0.00118905,-10],
"4WW4WW3GW4WW":[0,-0.001,0,-0.0010995],
"3WW2WW4RW1SS":[0,-0.001,0,-10],
"1SS1SS4WW4WW":[-10,-10,-0.001,0],
"3WW4WW4GW1SS":[-0.001,0,0,-10],
"1WW4WW4GW4WW":[-10,-0.001,0,0],
"4WW4WW2GW4WW":[-0.001,0,-0.001,0],
"1WW4WW1SS1WW":[-10,-0.001,-10,-10],
"4WW2WW1SR1SS":[-0.001,0,-10,-10],
"1WW1SS4GW3WW":[-10,-10,-0.001,0],
"3WW2WW4WW1SS":[-0.001,0,0,-10],
"1WW1SS4WW4WW":[-10,-10,-0.0037275,-0.00388869],
"1WW2WW1SR4WW":[-10,0,-10,-0.0019995],
"1WW1SS4GW4WW":[-10,-10,-0.001,-0.0030791],
"4WW4WW3WW1SS":[-0.0019,-0.0019,0,-10],
"2WW2WW1SR4WW":[-0.0019,0,-10,0],
"1WW2WW4RW1SS":[-10,-0.0019995,0,-10],
"4WW4WW4WW1SS":[-0.0019,0,-0.001,-10],
"3WW2WW1SR4WW":[-0.001,0,-10,0],
"4WW4WW1GW1SS":[0,-0.001,0,-10],
"4WW1SS4GW4WW":[0,-10,0,-0.00134218],
"4WW1SS4RW4WW":[-0.0019,-10,-0.001,-0.0021786],
"1WW4WW4GW1SS":[-10,-0.0019,0,-10],
"2WW4WW4GW1SS":[0,-0.001,-0.0010995,-10],
"1SS4WW4WW1SS":[-10,-0.001,0,-10],
"4WW1WW4WW4RW":[-0.001,-10,-0.001,-0.001],
"3WW1SS4WW2WW":[0,-10,0,-0.001],
"1GW1SS4GW3WW":[0,-10,0,-0.001],
"1SS4WW4WW4WW":[-10,-0.00271,-0.00484111,-0.00379811],
"1WW4WW1SS4WW":[-10,-0.0019,-10,-0.001],
"1WW2WW4WW4WW":[-10,-0.0010995,-0.0019995,0],
"3WW4WW4WW1SS":[-0.001,0,0,-10],
"1SS1GW4WW2WW":[-10,1,0,0],
"4WW1SS4WW4WW":[-0.00468559,-10,-0.00478509,-0.00424823],
"4WW4WW4GW1SS":[-0.001,-0.001,-0.001,-10],
"4WW1SS2GW4WW":[-0.001,-10,0,0],
"4WW4WW1SS4WW":[-0.0019,-0.003439,-10,0],
"2WW2GW1SS1WW":[-0.001,0,-10,-10],
"1SS1WW4WW4WW":[-10,-10,-0.00636625,-0.00583315],
"3WW4WW1SS4WW":[0,0,-10,-0.001],
"1SS2WW3RW4WW":[-10,0,0,-0.00140746],
"1SS1SS4RW4WW":[-10,-10,0,-0.00118905],
"3WW1SS4WW1WW":[-0.001,-10,0,-10],
"4WW1WW3WW1SS":[-0.001,-10,0,-10],
"3WW2WW1SR1SS":[-0.001,0,-10,-10],
"4WW2WW1SS4WW":[0,-0.001,-10,0],
"3WW1WW1SS4WW":[0,-10,-10,-0.001],
"4WW3WW1SS4WW":[-0.001,-0.001,-10,-0.001],
"1SS4WW4GW3WW":[-10,-0.001,0,-0.001],
"1WW3WW1SS4WW":[-10,0,-10,-0.0019995],
"3WW2WW4WW4WW":[-0.001,-0.001,0,-0.0019],
"4WW1WW1SS4WW":[-0.00362805,-10,-10,-0.00208905],
"1WW1SS1SS4WW":[-10,-10,-10,-0.001],
"4WW4WW4WW1RW":[-0.0019,-0.0019,-0.0019,0],
"2WW4WW1SG3WW":[0,0,-10,-0.001],
"4WW2WW3WW4WW":[0,0,0,-0.001],
"3WW1SS4WW4WW":[-0.0019,-10,0,-0.0019],
"1SS3WW3WW4WW":[-10,-0.001,-0.001,0],
"3WW1SS1SR4WW":[0,-10,-10,-0.001],
"1WW4WW4WW1SS":[-10,-0.001,-0.001,-10],
"3WW1WW4WW4WW":[-0.001,-10,-0.001,-0.001],
"1SS3WW4WW4WW":[-10,-0.0019,-0.0019,-0.0019],
"4WW2WW4RW1SS":[0,-0.00271,0,-10],
"3WW4WW1SS2WW":[0,-0.001,-10,0],
"1WW3WW4WW1SS":[-10,-0.0019,-0.001,-10],
"4WW3WW4WW1SS":[-0.0019,-0.00271,-0.0010995,-10],
"3WW4WW4GW4WW":[-0.0019,0,0,-0.001],
"1SS4WW4WW2WW":[-10,-0.001,-0.00279955,-0.001],
"1SS4WW4GW1SS":[-10,0,-0.001,-10]
}
